{
 "cells": [
  {
   "cell_type": "code",
   "execution_count": 5,
   "id": "39e80cde-9699-44d3-adb6-02ee2fe4e916",
   "metadata": {},
   "outputs": [],
   "source": [
    "import torch\n",
    "import numpy as np\n",
    "_ = torch.manual_seed(0)"
   ]
  },
  {
   "cell_type": "code",
   "execution_count": 6,
   "id": "e1465065-fb79-4335-8009-892f74048c78",
   "metadata": {},
   "outputs": [
    {
     "name": "stdout",
     "output_type": "stream",
     "text": [
      "torch.Size([10, 10])\n",
      "tensor([[-1.0797,  0.5545,  0.8058, -0.7140, -0.1518,  1.0773,  2.3690,  0.8486,\n",
      "         -1.1825, -3.2632],\n",
      "        [-0.3303,  0.2283,  0.4145, -0.1924, -0.0215,  0.3276,  0.7926,  0.2233,\n",
      "         -0.3422, -0.9614],\n",
      "        [-0.5256,  0.9864,  2.4447, -0.0290,  0.2305,  0.5000,  1.9831, -0.0311,\n",
      "         -0.3369, -1.1376],\n",
      "        [ 0.7900, -1.1336, -2.6746,  0.1988, -0.1982, -0.7634, -2.5763, -0.1696,\n",
      "          0.6227,  1.9294],\n",
      "        [ 0.1258,  0.1458,  0.5090,  0.1768,  0.1071, -0.1327, -0.0323, -0.2294,\n",
      "          0.2079,  0.5128],\n",
      "        [ 0.7697,  0.0050,  0.5725,  0.6870,  0.2783, -0.7818, -1.2253, -0.8533,\n",
      "          0.9765,  2.5786],\n",
      "        [ 1.4157, -0.7814, -1.2121,  0.9120,  0.1760, -1.4108, -3.1692, -1.0791,\n",
      "          1.5325,  4.2447],\n",
      "        [-0.0119,  0.6050,  1.7245,  0.2584,  0.2528, -0.0086,  0.7198, -0.3620,\n",
      "          0.1865,  0.3410],\n",
      "        [ 1.0485, -0.6394, -1.0715,  0.6485,  0.1046, -1.0427, -2.4174, -0.7615,\n",
      "          1.1147,  3.1054],\n",
      "        [ 0.9088,  0.1936,  1.2136,  0.8946,  0.4084, -0.9295, -1.2294, -1.1239,\n",
      "          1.2155,  3.1628]])\n"
     ]
    }
   ],
   "source": [
    "d, k = 10, 10\n",
    "\n",
    "rank = 2\n",
    "\n",
    "W = torch.randn(d, rank) @ torch.randn(rank, k)\n",
    "print(W.shape)\n",
    "print(W)"
   ]
  },
  {
   "cell_type": "code",
   "execution_count": 9,
   "id": "c7dad9af-61dd-4e91-ae3f-31d9da5448d6",
   "metadata": {},
   "outputs": [
    {
     "name": "stdout",
     "output_type": "stream",
     "text": [
      "Rank of W: 2\n"
     ]
    }
   ],
   "source": [
    "rank = np.linalg.matrix_rank(W)\n",
    "print(f'Rank of W: {rank}')"
   ]
  },
  {
   "cell_type": "code",
   "execution_count": 10,
   "id": "548b058e-8be8-4bf2-9dd0-3d7361079227",
   "metadata": {},
   "outputs": [
    {
     "name": "stdout",
     "output_type": "stream",
     "text": [
      "torch.Size([10, 10]) torch.Size([10]) torch.Size([10, 10])\n"
     ]
    }
   ],
   "source": [
    "U, S, V = torch.svd(W)\n",
    "\n",
    "print(U.shape, S.shape, V.shape)"
   ]
  },
  {
   "cell_type": "code",
   "execution_count": 11,
   "id": "f450370d-4de8-47ec-97eb-8f0577f3c8a6",
   "metadata": {},
   "outputs": [
    {
     "data": {
      "text/plain": [
       "(tensor([[-0.4130,  0.0610, -0.6422,  0.2302,  0.5859, -0.0185, -0.1015,  0.0384,\n",
       "          -0.0673, -0.0201],\n",
       "         [-0.1299, -0.0221, -0.1594,  0.1241, -0.4347, -0.1272, -0.7652, -0.3782,\n",
       "          -0.0901,  0.0031],\n",
       "         [-0.2440, -0.4687,  0.3799,  0.4895,  0.1020, -0.5560,  0.1056, -0.0243,\n",
       "          -0.0313,  0.0678],\n",
       "         [ 0.3458,  0.4616, -0.2733,  0.1860, -0.1325, -0.4839,  0.3651, -0.3358,\n",
       "          -0.2390,  0.0564],\n",
       "         [ 0.0355, -0.1535, -0.0639,  0.0216, -0.0164, -0.0038,  0.1193, -0.2338,\n",
       "           0.1512, -0.9373],\n",
       "         [ 0.2704, -0.3220, -0.4748,  0.3895, -0.4088,  0.0946,  0.1196,  0.3717,\n",
       "           0.3315,  0.0871],\n",
       "         [ 0.5448, -0.0423,  0.1842,  0.4919,  0.3805,  0.4088, -0.1989, -0.2472,\n",
       "          -0.1078,  0.0370],\n",
       "         [-0.0405, -0.4159, -0.1556, -0.0919, -0.1728,  0.2297,  0.1968, -0.0085,\n",
       "          -0.8188, -0.0277],\n",
       "         [ 0.4071,  0.0109, -0.0051, -0.1562,  0.1859, -0.4079, -0.3909,  0.5833,\n",
       "          -0.2532, -0.2273],\n",
       "         [ 0.3081, -0.5108, -0.2355, -0.4801,  0.2513, -0.2120, -0.0093, -0.3845,\n",
       "           0.2244,  0.2277]]),\n",
       " tensor([[ 0.2267, -0.0459, -0.2856,  0.1880,  0.6466, -0.1283, -0.3972,  0.2350,\n",
       "           0.1006, -0.4147],\n",
       "         [-0.1349, -0.2695,  0.1370,  0.6538, -0.1694, -0.6368,  0.1299,  0.0977,\n",
       "           0.0368,  0.0310],\n",
       "         [-0.2220, -0.8052,  0.3625, -0.0586,  0.2182,  0.3168, -0.1121, -0.0708,\n",
       "           0.0426,  0.0113],\n",
       "         [ 0.1417, -0.1607, -0.1115, -0.2830,  0.0204, -0.2108, -0.2193,  0.5742,\n",
       "          -0.0727,  0.6585],\n",
       "         [ 0.0240, -0.1310, -0.1432, -0.0226,  0.0083, -0.1179, -0.1113, -0.2041,\n",
       "          -0.9423, -0.0721],\n",
       "         [-0.2256,  0.0559, -0.4208,  0.3578,  0.3398,  0.1819,  0.0153, -0.4118,\n",
       "           0.0663,  0.5640],\n",
       "         [-0.5189, -0.2386, -0.6410, -0.2124, -0.3401, -0.0638, -0.0920,  0.0899,\n",
       "           0.1380, -0.2500],\n",
       "         [-0.1668,  0.2178,  0.2333,  0.1908, -0.3067,  0.0867, -0.8462, -0.1071,\n",
       "           0.0303,  0.0627],\n",
       "         [ 0.2422, -0.1480, -0.0013, -0.4179,  0.0394, -0.5364, -0.1599, -0.6034,\n",
       "           0.2495,  0.0595],\n",
       "         [ 0.6737, -0.3233, -0.3049,  0.2625, -0.4224,  0.2948, -0.0449, -0.0746,\n",
       "           0.0827,  0.0040]]))"
      ]
     },
     "execution_count": 11,
     "metadata": {},
     "output_type": "execute_result"
    }
   ],
   "source": [
    "U, V"
   ]
  },
  {
   "cell_type": "code",
   "execution_count": null,
   "id": "ede4548e-1c20-47dc-a536-b1cda74bda2b",
   "metadata": {},
   "outputs": [],
   "source": []
  }
 ],
 "metadata": {
  "kernelspec": {
   "display_name": "Python 3 (ipykernel)",
   "language": "python",
   "name": "python3"
  },
  "language_info": {
   "codemirror_mode": {
    "name": "ipython",
    "version": 3
   },
   "file_extension": ".py",
   "mimetype": "text/x-python",
   "name": "python",
   "nbconvert_exporter": "python",
   "pygments_lexer": "ipython3",
   "version": "3.10.13"
  }
 },
 "nbformat": 4,
 "nbformat_minor": 5
}
